(kicad_pcb (version 20171130) (host pcbnew "(5.1.5-0)")

  (general
    (thickness 1.6)
    (drawings 20)
    (tracks 548)
    (zones 0)
    (modules 44)
    (nets 76)
  )

  (page A4)
  (layers
    (0 F.Cu signal)
    (31 B.Cu signal)
    (32 B.Adhes user)
    (33 F.Adhes user)
    (34 B.Paste user)
    (35 F.Paste user)
    (36 B.SilkS user)
    (37 F.SilkS user)
    (38 B.Mask user)
    (39 F.Mask user)
    (40 Dwgs.User user)
    (41 Cmts.User user)
    (42 Eco1.User user)
    (43 Eco2.User user)
    (44 Edge.Cuts user)
    (45 Margin user)
    (46 B.CrtYd user)
    (47 F.CrtYd user)
    (48 B.Fab user)
    (49 F.Fab user hide)
  )

  (setup
    (last_trace_width 0.5)
    (user_trace_width 0.5)
    (trace_clearance 0.2)
    (zone_clearance 0.508)
    (zone_45_only no)
    (trace_min 0.2)
    (via_size 0.8)
    (via_drill 0.4)
    (via_min_size 0.4)
    (via_min_drill 0.3)
    (user_via 1.4 0.6)
    (uvia_size 0.3)
    (uvia_drill 0.1)
    (uvias_allowed no)
    (uvia_min_size 0.2)
    (uvia_min_drill 0.1)
    (edge_width 0.1)
    (segment_width 0.2)
    (pcb_text_width 0.3)
    (pcb_text_size 1.5 1.5)
    (mod_edge_width 0.15)
    (mod_text_size 1 1)
    (mod_text_width 0.15)
    (pad_size 1.6 1.6)
    (pad_drill 1)
    (pad_to_mask_clearance 0)
    (aux_axis_origin 0 0)
    (visible_elements FFFFFF7F)
    (pcbplotparams
      (layerselection 0x010fc_ffffffff)
      (usegerberextensions false)
      (usegerberattributes false)
      (usegerberadvancedattributes false)
      (creategerberjobfile false)
      (excludeedgelayer true)
      (linewidth 0.100000)
      (plotframeref false)
      (viasonmask false)
      (mode 1)
      (useauxorigin false)
      (hpglpennumber 1)
      (hpglpenspeed 20)
      (hpglpendiameter 15.000000)
      (psnegative false)
      (psa4output false)
      (plotreference true)
      (plotvalue true)
      (plotinvisibletext false)
      (padsonsilk false)
      (subtractmaskfromsilk false)
      (outputformat 1)
      (mirror false)
      (drillshape 0)
      (scaleselection 1)
      (outputdirectory "/Users/pooh/Documents/kicad/sb3/pi-ui-hat/plots/"))
  )

  (net 0 "")
  (net 1 GND)
  (net 2 /+5)
  (net 3 "Net-(C12-Pad2)")
  (net 4 "Net-(C12-Pad1)")
  (net 5 "Net-(C13-Pad1)")
  (net 6 "Net-(C13-Pad2)")
  (net 7 "Net-(C14-Pad1)")
  (net 8 "Net-(C15-Pad2)")
  (net 9 /V3.3)
  (net 10 /LED1_SIG)
  (net 11 "Net-(D1-Pad2)")
  (net 12 "Net-(D2-Pad2)")
  (net 13 "Net-(D3-Pad2)")
  (net 14 "Net-(D4-Pad2)")
  (net 15 "Net-(D5-Pad2)")
  (net 16 "Net-(D6-Pad2)")
  (net 17 "Net-(D7-Pad2)")
  (net 18 "Net-(D8-Pad2)")
  (net 19 "Net-(D10-Pad4)")
  (net 20 "Net-(D10-Pad2)")
  (net 21 "Net-(J1-Pad6)")
  (net 22 "Net-(J1-Pad4)")
  (net 23 /DISP_OUT_SIG_3)
  (net 24 /DISP_OUT_SIG_2)
  (net 25 /DISP_OUT_SIG_1)
  (net 26 /DISP_IN_SIG_1)
  (net 27 /DISP_IN_SIG_2)
  (net 28 /DISP_IN_SIG_3)
  (net 29 "Net-(J2-Pad4)")
  (net 30 "Net-(J2-Pad6)")
  (net 31 "Net-(J3-Pad1)")
  (net 32 "Net-(J3-Pad4)")
  (net 33 "Net-(J3-Pad6)")
  (net 34 /RTS)
  (net 35 "Net-(J3-Pad9)")
  (net 36 /SCL)
  (net 37 /SDA)
  (net 38 /RST)
  (net 39 /DC)
  (net 40 /CE0)
  (net 41 /SW2)
  (net 42 /SW4)
  (net 43 /SW3)
  (net 44 "Net-(Proc1-Pad28)")
  (net 45 "Net-(Proc1-Pad27)")
  (net 46 /SW1)
  (net 47 "Net-(Proc1-Pad21)")
  (net 48 "Net-(Proc1-Pad17)")
  (net 49 "Net-(Proc1-Pad15)")
  (net 50 "Net-(Proc1-Pad13)")
  (net 51 "Net-(Proc1-Pad11)")
  (net 52 /232_converter/RX_DATA_IN)
  (net 53 /232_converter/TX_DATA_OUT)
  (net 54 "Net-(Proc1-Pad7)")
  (net 55 /232_converter/CTS_IN)
  (net 56 "Net-(DISP1-Pad1)")
  (net 57 "Net-(DISP1-Pad8)")
  (net 58 "Net-(DISP1-Pad2)")
  (net 59 "Net-(DISP1-Pad9)")
  (net 60 "Net-(DISP1-Pad3)")
  (net 61 "Net-(DISP1-Pad10)")
  (net 62 "Net-(DISP1-Pad4)")
  (net 63 "Net-(DISP1-Pad11)")
  (net 64 "Net-(DISP1-Pad5)")
  (net 65 "Net-(DISP1-Pad12)")
  (net 66 "Net-(DISP1-Pad6)")
  (net 67 "Net-(DISP1-Pad13)")
  (net 68 "Net-(DISP1-Pad7)")
  (net 69 "Net-(DISP1-Pad14)")
  (net 70 /LED_DISP/SCL)
  (net 71 /LED_DISP/SDA)
  (net 72 /232_TXD)
  (net 73 /232_RXD)
  (net 74 /232_CTS)
  (net 75 /232_RTS)

  (net_class Default "This is the default net class."
    (clearance 0.2)
    (trace_width 0.25)
    (via_dia 0.8)
    (via_drill 0.4)
    (uvia_dia 0.3)
    (uvia_drill 0.1)
    (add_net /+5)
    (add_net /232_CTS)
    (add_net /232_RTS)
    (add_net /232_RXD)
    (add_net /232_TXD)
    (add_net /232_converter/CTS_IN)
    (add_net /232_converter/RX_DATA_IN)
    (add_net /232_converter/TX_DATA_OUT)
    (add_net /CE0)
    (add_net /DC)
    (add_net /DISP_IN_SIG_1)
    (add_net /DISP_IN_SIG_2)
    (add_net /DISP_IN_SIG_3)
    (add_net /DISP_OUT_SIG_1)
    (add_net /DISP_OUT_SIG_2)
    (add_net /DISP_OUT_SIG_3)
    (add_net /LED1_SIG)
    (add_net /LED_DISP/SCL)
    (add_net /LED_DISP/SDA)
    (add_net /RST)
    (add_net /RTS)
    (add_net /SCL)
    (add_net /SDA)
    (add_net /SW1)
    (add_net /SW2)
    (add_net /SW3)
    (add_net /SW4)
    (add_net /V3.3)
    (add_net GND)
    (add_net "Net-(C12-Pad1)")
    (add_net "Net-(C12-Pad2)")
    (add_net "Net-(C13-Pad1)")
    (add_net "Net-(C13-Pad2)")
    (add_net "Net-(C14-Pad1)")
    (add_net "Net-(C15-Pad2)")
    (add_net "Net-(D1-Pad2)")
    (add_net "Net-(D10-Pad2)")
    (add_net "Net-(D10-Pad4)")
    (add_net "Net-(D2-Pad2)")
    (add_net "Net-(D3-Pad2)")
    (add_net "Net-(D4-Pad2)")
    (add_net "Net-(D5-Pad2)")
    (add_net "Net-(D6-Pad2)")
    (add_net "Net-(D7-Pad2)")
    (add_net "Net-(D8-Pad2)")
    (add_net "Net-(DISP1-Pad1)")
    (add_net "Net-(DISP1-Pad10)")
    (add_net "Net-(DISP1-Pad11)")
    (add_net "Net-(DISP1-Pad12)")
    (add_net "Net-(DISP1-Pad13)")
    (add_net "Net-(DISP1-Pad14)")
    (add_net "Net-(DISP1-Pad2)")
    (add_net "Net-(DISP1-Pad3)")
    (add_net "Net-(DISP1-Pad4)")
    (add_net "Net-(DISP1-Pad5)")
    (add_net "Net-(DISP1-Pad6)")
    (add_net "Net-(DISP1-Pad7)")
    (add_net "Net-(DISP1-Pad8)")
    (add_net "Net-(DISP1-Pad9)")
    (add_net "Net-(J1-Pad4)")
    (add_net "Net-(J1-Pad6)")
    (add_net "Net-(J2-Pad4)")
    (add_net "Net-(J2-Pad6)")
    (add_net "Net-(J3-Pad1)")
    (add_net "Net-(J3-Pad4)")
    (add_net "Net-(J3-Pad6)")
    (add_net "Net-(J3-Pad9)")
    (add_net "Net-(Proc1-Pad11)")
    (add_net "Net-(Proc1-Pad13)")
    (add_net "Net-(Proc1-Pad15)")
    (add_net "Net-(Proc1-Pad17)")
    (add_net "Net-(Proc1-Pad21)")
    (add_net "Net-(Proc1-Pad27)")
    (add_net "Net-(Proc1-Pad28)")
    (add_net "Net-(Proc1-Pad7)")
  )

  (module SB3_COMM:SWA (layer F.Cu) (tedit 6245FDDD) (tstamp 62433251)
    (at 170.45 69.5)
    (path /61DDE4E2)
    (fp_text reference SW1 (at -1.95 -2.65) (layer F.SilkS)
      (effects (font (size 1 1) (thickness 0.15)))
    )
    (fp_text value SW_Push (at 1 4.85) (layer F.Fab)
      (effects (font (size 1 1) (thickness 0.15)))
    )
    (fp_line (start 8.4 12.7) (end 6.1 12.7) (layer F.SilkS) (width 0.12))
    (fp_line (start 8.4 -0.05) (end 8.4 12.7) (layer F.SilkS) (width 0.12))
    (fp_line (start 6.05 -0.05) (end 8.4 -0.05) (layer F.SilkS) (width 0.12))
    (fp_line (start 1.05 -0.05) (end 4.05 -0.05) (layer F.SilkS) (width 0.12))
    (fp_line (start -3.9 -0.05) (end -1.15 -0.05) (layer F.SilkS) (width 0.12))
    (fp_line (start 1 12.7) (end 3.95 12.7) (layer F.SilkS) (width 0.12))
    (fp_line (start -3.9 12.65) (end -1.15 12.65) (layer F.SilkS) (width 0.12))
    (fp_line (start -3.9 -0.05) (end -3.9 12.65) (layer F.SilkS) (width 0.12))
    (pad 2 thru_hole circle (at 5.08 12.7) (size 1.8 1.8) (drill 1.1) (layers *.Cu *.Mask)
      (net 1 GND))
    (pad 1 thru_hole circle (at 0 12.7) (size 1.8 1.8) (drill 1.1) (layers *.Cu *.Mask)
      (net 46 /SW1))
    (pad 2 thru_hole circle (at 5.08 0) (size 1.8 1.8) (drill 1.1) (layers *.Cu *.Mask)
      (net 1 GND))
    (pad 1 thru_hole circle (at 0 0) (size 1.8 1.8) (drill 1.1) (layers *.Cu *.Mask)
      (net 46 /SW1))
  )

  (module SB3_COMM:SWA (layer F.Cu) (tedit 6245FDDD) (tstamp 62433261)
    (at 113.05 98.8 90)
    (path /623E4FB8)
    (fp_text reference SW2 (at -1.95 -2.65 90) (layer F.SilkS)
      (effects (font (size 1 1) (thickness 0.15)))
    )
    (fp_text value SW_Push (at 1 4.85 90) (layer F.Fab)
      (effects (font (size 1 1) (thickness 0.15)))
    )
    (fp_line (start 8.4 12.7) (end 6.1 12.7) (layer F.SilkS) (width 0.12))
    (fp_line (start 8.4 -0.05) (end 8.4 12.7) (layer F.SilkS) (width 0.12))
    (fp_line (start 6.05 -0.05) (end 8.4 -0.05) (layer F.SilkS) (width 0.12))
    (fp_line (start 1.05 -0.05) (end 4.05 -0.05) (layer F.SilkS) (width 0.12))
    (fp_line (start -3.9 -0.05) (end -1.15 -0.05) (layer F.SilkS) (width 0.12))
    (fp_line (start 1 12.7) (end 3.95 12.7) (layer F.SilkS) (width 0.12))
    (fp_line (start -3.9 12.65) (end -1.15 12.65) (layer F.SilkS) (width 0.12))
    (fp_line (start -3.9 -0.05) (end -3.9 12.65) (layer F.SilkS) (width 0.12))
    (pad 2 thru_hole circle (at 5.08 12.7 90) (size 1.8 1.8) (drill 1.1) (layers *.Cu *.Mask)
      (net 1 GND))
    (pad 1 thru_hole circle (at 0 12.7 90) (size 1.8 1.8) (drill 1.1) (layers *.Cu *.Mask)
      (net 41 /SW2))
    (pad 2 thru_hole circle (at 5.08 0 90) (size 1.8 1.8) (drill 1.1) (layers *.Cu *.Mask)
      (net 1 GND))
    (pad 1 thru_hole circle (at 0 0 90) (size 1.8 1.8) (drill 1.1) (layers *.Cu *.Mask)
      (net 41 /SW2))
  )

  (module SB3_COMM:SWA (layer F.Cu) (tedit 6245FDDD) (tstamp 62433271)
    (at 131.05 98.8 90)
    (path /61DE0800)
    (fp_text reference SW3 (at -1.95 -2.65 90) (layer F.SilkS)
      (effects (font (size 1 1) (thickness 0.15)))
    )
    (fp_text value SW_Push (at 1 4.85 90) (layer F.Fab)
      (effects (font (size 1 1) (thickness 0.15)))
    )
    (fp_line (start 8.4 12.7) (end 6.1 12.7) (layer F.SilkS) (width 0.12))
    (fp_line (start 8.4 -0.05) (end 8.4 12.7) (layer F.SilkS) (width 0.12))
    (fp_line (start 6.05 -0.05) (end 8.4 -0.05) (layer F.SilkS) (width 0.12))
    (fp_line (start 1.05 -0.05) (end 4.05 -0.05) (layer F.SilkS) (width 0.12))
    (fp_line (start -3.9 -0.05) (end -1.15 -0.05) (layer F.SilkS) (width 0.12))
    (fp_line (start 1 12.7) (end 3.95 12.7) (layer F.SilkS) (width 0.12))
    (fp_line (start -3.9 12.65) (end -1.15 12.65) (layer F.SilkS) (width 0.12))
    (fp_line (start -3.9 -0.05) (end -3.9 12.65) (layer F.SilkS) (width 0.12))
    (pad 2 thru_hole circle (at 5.08 12.7 90) (size 1.8 1.8) (drill 1.1) (layers *.Cu *.Mask)
      (net 1 GND))
    (pad 1 thru_hole circle (at 0 12.7 90) (size 1.8 1.8) (drill 1.1) (layers *.Cu *.Mask)
      (net 43 /SW3))
    (pad 2 thru_hole circle (at 5.08 0 90) (size 1.8 1.8) (drill 1.1) (layers *.Cu *.Mask)
      (net 1 GND))
    (pad 1 thru_hole circle (at 0 0 90) (size 1.8 1.8) (drill 1.1) (layers *.Cu *.Mask)
      (net 43 /SW3))
  )

  (module SB3_COMM:SWA (layer F.Cu) (tedit 6245FDDD) (tstamp 62433281)
    (at 149.05 98.8 90)
    (path /61DE2249)
    (fp_text reference SW4 (at -1.95 -2.65 90) (layer F.SilkS)
      (effects (font (size 1 1) (thickness 0.15)))
    )
    (fp_text value SW_Push (at 1.25 6.1 90) (layer F.Fab)
      (effects (font (size 1 1) (thickness 0.15)))
    )
    (fp_line (start 8.4 12.7) (end 6.1 12.7) (layer F.SilkS) (width 0.12))
    (fp_line (start 8.4 -0.05) (end 8.4 12.7) (layer F.SilkS) (width 0.12))
    (fp_line (start 6.05 -0.05) (end 8.4 -0.05) (layer F.SilkS) (width 0.12))
    (fp_line (start 1.05 -0.05) (end 4.05 -0.05) (layer F.SilkS) (width 0.12))
    (fp_line (start -3.9 -0.05) (end -1.15 -0.05) (layer F.SilkS) (width 0.12))
    (fp_line (start 1 12.7) (end 3.95 12.7) (layer F.SilkS) (width 0.12))
    (fp_line (start -3.9 12.65) (end -1.15 12.65) (layer F.SilkS) (width 0.12))
    (fp_line (start -3.9 -0.05) (end -3.9 12.65) (layer F.SilkS) (width 0.12))
    (pad 2 thru_hole circle (at 5.08 12.7 90) (size 1.8 1.8) (drill 1.1) (layers *.Cu *.Mask)
      (net 1 GND))
    (pad 1 thru_hole circle (at 0 12.7 90) (size 1.8 1.8) (drill 1.1) (layers *.Cu *.Mask)
      (net 42 /SW4))
    (pad 2 thru_hole circle (at 5.08 0 90) (size 1.8 1.8) (drill 1.1) (layers *.Cu *.Mask)
      (net 1 GND))
    (pad 1 thru_hole circle (at 0 0 90) (size 1.8 1.8) (drill 1.1) (layers *.Cu *.Mask)
      (net 42 /SW4))
  )

  (module pi-stuff:pi-zero (layer F.Cu) (tedit 6245FCD0) (tstamp 62433241)
    (at 102.75 75.5 270)
    (path /6260BA24)
    (fp_text reference Proc1 (at 15.1384 -3.7846 90) (layer F.SilkS)
      (effects (font (size 1 1) (thickness 0.15)))
    )
    (fp_text value pi-zero-w (at 6.0706 -4.0894 90) (layer F.Fab)
      (effects (font (size 1 1) (thickness 0.15)))
    )
    (fp_line (start -1.3574 28.829) (end -1.3574 27.7876) (layer F.SilkS) (width 0.12))
    (fp_line (start 9.8694 28.829) (end -1.3574 28.829) (layer F.SilkS) (width 0.12))
    (fp_line (start 9.8694 27.7876) (end 9.8694 28.829) (layer F.SilkS) (width 0.12))
    (fp_line (start 28.6766 27.7876) (end 9.8694 27.7876) (layer F.SilkS) (width 0.12))
    (fp_line (start 28.6766 28.8036) (end 28.6766 27.7876) (layer F.SilkS) (width 0.12))
    (fp_line (start 36.6776 28.8036) (end 28.6766 28.8036) (layer F.SilkS) (width 0.12))
    (fp_line (start 36.6776 27.7876) (end 36.6776 28.8036) (layer F.SilkS) (width 0.12))
    (fp_line (start 41.6814 27.7876) (end 36.6776 27.7876) (layer F.SilkS) (width 0.12))
    (fp_line (start 41.6814 28.7782) (end 41.6814 27.7876) (layer F.SilkS) (width 0.12))
    (fp_line (start 49.6824 28.7782) (end 41.6814 28.7782) (layer F.SilkS) (width 0.12))
    (fp_line (start 49.6824 27.7876) (end 49.6824 28.7782) (layer F.SilkS) (width 0.12))
    (fp_line (start 53.1876 27.7876) (end 49.6824 27.7876) (layer F.SilkS) (width 0.12))
    (fp_arc (start 53.1876 24.2824) (end 53.1876 27.7876) (angle -90) (layer F.SilkS) (width 0.12))
    (fp_arc (start 53.1876 1.27) (end 56.6928 1.27) (angle -90) (layer F.SilkS) (width 0.12))
    (fp_arc (start -4.8768 24.2824) (end -8.382 24.2824) (angle -90) (layer F.SilkS) (width 0.12))
    (fp_arc (start -4.8768 1.27) (end -4.8768 -2.2352) (angle -90) (layer F.SilkS) (width 0.12))
    (fp_line (start 53.1876 -2.2352) (end 24.13 -2.2352) (layer F.SilkS) (width 0.12))
    (fp_line (start 56.6928 24.2824) (end 56.6928 1.27) (layer F.SilkS) (width 0.12))
    (fp_line (start -4.8768 27.7876) (end -1.3574 27.7876) (layer F.SilkS) (width 0.12))
    (fp_line (start -8.382 1.27) (end -8.382 24.2824) (layer F.SilkS) (width 0.12))
    (fp_line (start 24.13 -2.2352) (end -4.8768 -2.2352) (layer F.SilkS) (width 0.12))
    (fp_text user GPIO_CONNECTOR (at 27.2796 5.3594 90) (layer F.Fab)
      (effects (font (size 1 1) (thickness 0.15)))
    )
    (fp_line (start 50 4.34) (end -1.8 4.34) (layer F.CrtYd) (width 0.05))
    (fp_line (start 50 -1.76) (end 50 4.34) (layer F.CrtYd) (width 0.05))
    (fp_line (start -1.8 -1.76) (end 50 -1.76) (layer F.CrtYd) (width 0.05))
    (fp_line (start -1.8 4.34) (end -1.8 -1.76) (layer F.CrtYd) (width 0.05))
    (fp_line (start -1.33 2.54) (end -1.33 3.87) (layer F.SilkS) (width 0.12))
    (fp_line (start -1.33 3.87) (end 0 3.87) (layer F.SilkS) (width 0.12))
    (fp_line (start -1.33 1.27) (end 1.27 1.27) (layer F.SilkS) (width 0.12))
    (fp_line (start 1.27 1.27) (end 1.27 3.87) (layer F.SilkS) (width 0.12))
    (fp_line (start 1.27 3.87) (end 49.59 3.87) (layer F.SilkS) (width 0.12))
    (fp_line (start 49.59 -1.33) (end 49.59 3.87) (layer F.SilkS) (width 0.12))
    (fp_line (start -1.33 -1.33) (end 49.59 -1.33) (layer F.SilkS) (width 0.12))
    (fp_line (start -1.33 -1.33) (end -1.33 1.27) (layer F.SilkS) (width 0.12))
    (fp_line (start 49.53 -1.27) (end -1.27 -1.27) (layer F.Fab) (width 0.1))
    (fp_line (start 49.53 3.81) (end 49.53 -1.27) (layer F.Fab) (width 0.1))
    (fp_line (start -0.27 3.81) (end 49.53 3.81) (layer F.Fab) (width 0.1))
    (fp_line (start -1.27 2.81) (end -0.27 3.81) (layer F.Fab) (width 0.1))
    (fp_line (start -1.27 -1.27) (end -1.27 2.81) (layer F.Fab) (width 0.1))
    (fp_circle (center -4.87 1.27) (end -1.92 1.27) (layer F.CrtYd) (width 0.05))
    (pad "" np_thru_hole circle (at 53.13 24.27 270) (size 5.5 5.5) (drill 3) (layers *.Cu *.Mask)
      (clearance 0.35) (zone_connect 0))
    (pad "" np_thru_hole circle (at -4.87 24.27 270) (size 5.5 5.5) (drill 3) (layers *.Cu *.Mask)
      (clearance 0.35) (zone_connect 0))
    (pad "" np_thru_hole circle (at 53.13 1.27 270) (size 5.5 5.5) (drill 3) (layers *.Cu *.Mask)
      (clearance 0.35) (zone_connect 0))
    (pad "" np_thru_hole circle (at -4.87 1.27 270) (size 5.5 5.5) (drill 3) (layers *.Cu *.Mask)
      (clearance 0.35) (zone_connect 0))
    (pad 1 thru_hole rect (at 0 2.54) (size 1.7 1.7) (drill 1) (layers *.Cu *.Mask)
      (net 9 /V3.3))
    (pad 2 thru_hole oval (at 0 0) (size 1.7 1.7) (drill 1) (layers *.Cu *.Mask)
      (net 2 /+5))
    (pad 3 thru_hole oval (at 2.54 2.54) (size 1.7 1.7) (drill 1) (layers *.Cu *.Mask)
      (net 71 /LED_DISP/SDA))
    (pad 4 thru_hole oval (at 2.54 0) (size 1.7 1.7) (drill 1) (layers *.Cu *.Mask)
      (net 2 /+5))
    (pad 5 thru_hole oval (at 5.08 2.54) (size 1.7 1.7) (drill 1) (layers *.Cu *.Mask)
      (net 70 /LED_DISP/SCL))
    (pad 6 thru_hole oval (at 5.08 0) (size 1.7 1.7) (drill 1) (layers *.Cu *.Mask)
      (net 1 GND))
    (pad 7 thru_hole oval (at 7.62 2.54) (size 1.7 1.7) (drill 1) (layers *.Cu *.Mask)
      (net 54 "Net-(Proc1-Pad7)"))
    (pad 8 thru_hole oval (at 7.62 0) (size 1.7 1.7) (drill 1) (layers *.Cu *.Mask)
      (net 53 /232_converter/TX_DATA_OUT))
    (pad 9 thru_hole oval (at 10.16 2.54) (size 1.7 1.7) (drill 1) (layers *.Cu *.Mask)
      (net 1 GND))
    (pad 10 thru_hole oval (at 10.16 0) (size 1.7 1.7) (drill 1) (layers *.Cu *.Mask)
      (net 52 /232_converter/RX_DATA_IN))
    (pad 11 thru_hole oval (at 12.7 2.54) (size 1.7 1.7) (drill 1) (layers *.Cu *.Mask)
      (net 51 "Net-(Proc1-Pad11)"))
    (pad 12 thru_hole oval (at 12.7 0) (size 1.7 1.7) (drill 1) (layers *.Cu *.Mask)
      (net 10 /LED1_SIG))
    (pad 13 thru_hole oval (at 15.24 2.54) (size 1.7 1.7) (drill 1) (layers *.Cu *.Mask)
      (net 50 "Net-(Proc1-Pad13)"))
    (pad 14 thru_hole oval (at 15.24 0) (size 1.7 1.7) (drill 1) (layers *.Cu *.Mask)
      (net 1 GND))
    (pad 15 thru_hole oval (at 17.78 2.54) (size 1.7 1.7) (drill 1) (layers *.Cu *.Mask)
      (net 49 "Net-(Proc1-Pad15)"))
    (pad 16 thru_hole oval (at 17.78 0) (size 1.7 1.7) (drill 1) (layers *.Cu *.Mask)
      (net 28 /DISP_IN_SIG_3))
    (pad 17 thru_hole oval (at 20.32 2.54) (size 1.7 1.7) (drill 1) (layers *.Cu *.Mask)
      (net 48 "Net-(Proc1-Pad17)"))
    (pad 18 thru_hole oval (at 20.32 0) (size 1.7 1.7) (drill 1) (layers *.Cu *.Mask)
      (net 27 /DISP_IN_SIG_2))
    (pad 19 thru_hole oval (at 22.86 2.54) (size 1.7 1.7) (drill 1) (layers *.Cu *.Mask)
      (net 37 /SDA))
    (pad 20 thru_hole oval (at 22.86 0) (size 1.7 1.7) (drill 1) (layers *.Cu *.Mask)
      (net 1 GND))
    (pad 21 thru_hole oval (at 25.4 2.54) (size 1.7 1.7) (drill 1) (layers *.Cu *.Mask)
      (net 47 "Net-(Proc1-Pad21)"))
    (pad 22 thru_hole oval (at 25.4 0) (size 1.7 1.7) (drill 1) (layers *.Cu *.Mask)
      (net 25 /DISP_OUT_SIG_1))
    (pad 23 thru_hole oval (at 27.94 2.54) (size 1.7 1.7) (drill 1) (layers *.Cu *.Mask)
      (net 36 /SCL))
    (pad 24 thru_hole oval (at 27.94 0) (size 1.7 1.7) (drill 1) (layers *.Cu *.Mask)
      (net 40 /CE0))
    (pad 25 thru_hole oval (at 30.48 2.54) (size 1.7 1.7) (drill 1) (layers *.Cu *.Mask)
      (net 1 GND))
    (pad 26 thru_hole oval (at 30.48 0) (size 1.7 1.7) (drill 1) (layers *.Cu *.Mask)
      (net 46 /SW1))
    (pad 27 thru_hole oval (at 33.02 2.54) (size 1.7 1.7) (drill 1) (layers *.Cu *.Mask)
      (net 45 "Net-(Proc1-Pad27)"))
    (pad 28 thru_hole oval (at 33.02 0) (size 1.7 1.7) (drill 1) (layers *.Cu *.Mask)
      (net 44 "Net-(Proc1-Pad28)"))
    (pad 29 thru_hole oval (at 35.56 2.54) (size 1.7 1.7) (drill 1) (layers *.Cu *.Mask)
      (net 38 /RST))
    (pad 30 thru_hole oval (at 35.56 0) (size 1.7 1.7) (drill 1) (layers *.Cu *.Mask)
      (net 1 GND))
    (pad 31 thru_hole oval (at 38.1 2.54) (size 1.7 1.7) (drill 1) (layers *.Cu *.Mask)
      (net 39 /DC))
    (pad 32 thru_hole oval (at 38.1 0) (size 1.7 1.7) (drill 1) (layers *.Cu *.Mask)
      (net 43 /SW3))
    (pad 33 thru_hole oval (at 40.64 2.54) (size 1.7 1.7) (drill 1) (layers *.Cu *.Mask)
      (net 26 /DISP_IN_SIG_1))
    (pad 34 thru_hole oval (at 40.64 0) (size 1.7 1.7) (drill 1) (layers *.Cu *.Mask)
      (net 1 GND))
    (pad 35 thru_hole oval (at 43.18 2.54) (size 1.7 1.7) (drill 1) (layers *.Cu *.Mask)
      (net 42 /SW4))
    (pad 36 thru_hole oval (at 43.18 0) (size 1.7 1.7) (drill 1) (layers *.Cu *.Mask)
      (net 41 /SW2))
    (pad 37 thru_hole oval (at 45.72 2.54) (size 1.7 1.7) (drill 1) (layers *.Cu *.Mask)
      (net 34 /RTS))
    (pad 38 thru_hole oval (at 45.72 0) (size 1.7 1.7) (drill 1) (layers *.Cu *.Mask)
      (net 24 /DISP_OUT_SIG_2))
    (pad 39 thru_hole oval (at 48.26 2.54) (size 1.7 1.7) (drill 1) (layers *.Cu *.Mask)
      (net 1 GND))
    (pad 40 thru_hole oval (at 48.26 0) (size 1.7 1.7) (drill 1) (layers *.Cu *.Mask)
      (net 23 /DISP_OUT_SIG_3))
  )

  (module Capacitor_SMD:C_0805_2012Metric_Pad1.15x1.40mm_HandSolder (layer F.Cu) (tedit 5B36C52B) (tstamp 624342F7)
    (at 88.25 52.575 90)
    (descr "Capacitor SMD 0805 (2012 Metric), square (rectangular) end terminal, IPC_7351 nominal with elongated pad for handsoldering. (Body size source: https://docs.google.com/spreadsheets/d/1BsfQQcO9C6DZCsRaXUlFlo91Tg2WpOkGARC1WS5S8t0/edit?usp=sharing), generated with kicad-footprint-generator")
    (tags "capacitor handsolder")
    (path /622D8442)
    (attr smd)
    (fp_text reference C1 (at -2.925 -0.1 180) (layer F.SilkS)
      (effects (font (size 1 1) (thickness 0.15)))
    )
    (fp_text value 0.1uF (at 0 1.65 90) (layer F.Fab)
      (effects (font (size 1 1) (thickness 0.15)))
    )
    (fp_line (start -1 0.6) (end -1 -0.6) (layer F.Fab) (width 0.1))
    (fp_line (start -1 -0.6) (end 1 -0.6) (layer F.Fab) (width 0.1))
    (fp_line (start 1 -0.6) (end 1 0.6) (layer F.Fab) (width 0.1))
    (fp_line (start 1 0.6) (end -1 0.6) (layer F.Fab) (width 0.1))
    (fp_line (start -0.261252 -0.71) (end 0.261252 -0.71) (layer F.SilkS) (width 0.12))
    (fp_line (start -0.261252 0.71) (end 0.261252 0.71) (layer F.SilkS) (width 0.12))
    (fp_line (start -1.85 0.95) (end -1.85 -0.95) (layer F.CrtYd) (width 0.05))
    (fp_line (start -1.85 -0.95) (end 1.85 -0.95) (layer F.CrtYd) (width 0.05))
    (fp_line (start 1.85 -0.95) (end 1.85 0.95) (layer F.CrtYd) (width 0.05))
    (fp_line (start 1.85 0.95) (end -1.85 0.95) (layer F.CrtYd) (width 0.05))
    (fp_text user %R (at 0 0 90) (layer F.Fab)
      (effects (font (size 0.5 0.5) (thickness 0.08)))
    )
    (pad 1 smd roundrect (at -1.025 0 90) (size 1.15 1.4) (layers F.Cu F.Paste F.Mask) (roundrect_rratio 0.217391)
      (net 1 GND))
    (pad 2 smd roundrect (at 1.025 0 90) (size 1.15 1.4) (layers F.Cu F.Paste F.Mask) (roundrect_rratio 0.217391)
      (net 2 /+5))
    (model ${KISYS3DMOD}/Capacitor_SMD.3dshapes/C_0805_2012Metric.wrl
      (at (xyz 0 0 0))
      (scale (xyz 1 1 1))
      (rotate (xyz 0 0 0))
    )
  )

  (module Capacitor_SMD:C_0805_2012Metric_Pad1.15x1.40mm_HandSolder (layer F.Cu) (tedit 5B36C52B) (tstamp 62432F60)
    (at 98.25 52.55 90)
    (descr "Capacitor SMD 0805 (2012 Metric), square (rectangular) end terminal, IPC_7351 nominal with elongated pad for handsoldering. (Body size source: https://docs.google.com/spreadsheets/d/1BsfQQcO9C6DZCsRaXUlFlo91Tg2WpOkGARC1WS5S8t0/edit?usp=sharing), generated with kicad-footprint-generator")
    (tags "capacitor handsolder")
    (path /622DA039)
    (attr smd)
    (fp_text reference C2 (at -2.9 -0.1 180) (layer F.SilkS)
      (effects (font (size 1 1) (thickness 0.15)))
    )
    (fp_text value 0.1uF (at 0 1.65 90) (layer F.Fab)
      (effects (font (size 1 1) (thickness 0.15)))
    )
    (fp_line (start -1 0.6) (end -1 -0.6) (layer F.Fab) (width 0.1))
    (fp_line (start -1 -0.6) (end 1 -0.6) (layer F.Fab) (width 0.1))
    (fp_line (start 1 -0.6) (end 1 0.6) (layer F.Fab) (width 0.1))
    (fp_line (start 1 0.6) (end -1 0.6) (layer F.Fab) (width 0.1))
    (fp_line (start -0.261252 -0.71) (end 0.261252 -0.71) (layer F.SilkS) (width 0.12))
    (fp_line (start -0.261252 0.71) (end 0.261252 0.71) (layer F.SilkS) (width 0.12))
    (fp_line (start -1.85 0.95) (end -1.85 -0.95) (layer F.CrtYd) (width 0.05))
    (fp_line (start -1.85 -0.95) (end 1.85 -0.95) (layer F.CrtYd) (width 0.05))
    (fp_line (start 1.85 -0.95) (end 1.85 0.95) (layer F.CrtYd) (width 0.05))
    (fp_line (start 1.85 0.95) (end -1.85 0.95) (layer F.CrtYd) (width 0.05))
    (fp_text user %R (at 0 0 90) (layer F.Fab)
      (effects (font (size 0.5 0.5) (thickness 0.08)))
    )
    (pad 1 smd roundrect (at -1.025 0 90) (size 1.15 1.4) (layers F.Cu F.Paste F.Mask) (roundrect_rratio 0.217391)
      (net 1 GND))
    (pad 2 smd roundrect (at 1.025 0 90) (size 1.15 1.4) (layers F.Cu F.Paste F.Mask) (roundrect_rratio 0.217391)
      (net 2 /+5))
    (model ${KISYS3DMOD}/Capacitor_SMD.3dshapes/C_0805_2012Metric.wrl
      (at (xyz 0 0 0))
      (scale (xyz 1 1 1))
      (rotate (xyz 0 0 0))
    )
  )

  (module Capacitor_SMD:C_0805_2012Metric_Pad1.15x1.40mm_HandSolder (layer F.Cu) (tedit 5B36C52B) (tstamp 62432F71)
    (at 108.3 52.575 90)
    (descr "Capacitor SMD 0805 (2012 Metric), square (rectangular) end terminal, IPC_7351 nominal with elongated pad for handsoldering. (Body size source: https://docs.google.com/spreadsheets/d/1BsfQQcO9C6DZCsRaXUlFlo91Tg2WpOkGARC1WS5S8t0/edit?usp=sharing), generated with kicad-footprint-generator")
    (tags "capacitor handsolder")
    (path /622DA5D1)
    (attr smd)
    (fp_text reference C3 (at -2.825 -0.15 180) (layer F.SilkS)
      (effects (font (size 1 1) (thickness 0.15)))
    )
    (fp_text value 0.1uF (at 0 1.65 90) (layer F.Fab)
      (effects (font (size 1 1) (thickness 0.15)))
    )
    (fp_text user %R (at 0 0 90) (layer F.Fab)
      (effects (font (size 0.5 0.5) (thickness 0.08)))
    )
    (fp_line (start 1.85 0.95) (end -1.85 0.95) (layer F.CrtYd) (width 0.05))
    (fp_line (start 1.85 -0.95) (end 1.85 0.95) (layer F.CrtYd) (width 0.05))
    (fp_line (start -1.85 -0.95) (end 1.85 -0.95) (layer F.CrtYd) (width 0.05))
    (fp_line (start -1.85 0.95) (end -1.85 -0.95) (layer F.CrtYd) (width 0.05))
    (fp_line (start -0.261252 0.71) (end 0.261252 0.71) (layer F.SilkS) (width 0.12))
    (fp_line (start -0.261252 -0.71) (end 0.261252 -0.71) (layer F.SilkS) (width 0.12))
    (fp_line (start 1 0.6) (end -1 0.6) (layer F.Fab) (width 0.1))
    (fp_line (start 1 -0.6) (end 1 0.6) (layer F.Fab) (width 0.1))
    (fp_line (start -1 -0.6) (end 1 -0.6) (layer F.Fab) (width 0.1))
    (fp_line (start -1 0.6) (end -1 -0.6) (layer F.Fab) (width 0.1))
    (pad 2 smd roundrect (at 1.025 0 90) (size 1.15 1.4) (layers F.Cu F.Paste F.Mask) (roundrect_rratio 0.217391)
      (net 2 /+5))
    (pad 1 smd roundrect (at -1.025 0 90) (size 1.15 1.4) (layers F.Cu F.Paste F.Mask) (roundrect_rratio 0.217391)
      (net 1 GND))
    (model ${KISYS3DMOD}/Capacitor_SMD.3dshapes/C_0805_2012Metric.wrl
      (at (xyz 0 0 0))
      (scale (xyz 1 1 1))
      (rotate (xyz 0 0 0))
    )
  )

  (module Capacitor_SMD:C_0805_2012Metric_Pad1.15x1.40mm_HandSolder (layer F.Cu) (tedit 5B36C52B) (tstamp 62432F82)
    (at 118.25 52.75 90)
    (descr "Capacitor SMD 0805 (2012 Metric), square (rectangular) end terminal, IPC_7351 nominal with elongated pad for handsoldering. (Body size source: https://docs.google.com/spreadsheets/d/1BsfQQcO9C6DZCsRaXUlFlo91Tg2WpOkGARC1WS5S8t0/edit?usp=sharing), generated with kicad-footprint-generator")
    (tags "capacitor handsolder")
    (path /622DAB3B)
    (attr smd)
    (fp_text reference C4 (at -2.7 -0.1 180) (layer F.SilkS)
      (effects (font (size 1 1) (thickness 0.15)))
    )
    (fp_text value 0.1uF (at 0 1.65 90) (layer F.Fab)
      (effects (font (size 1 1) (thickness 0.15)))
    )
    (fp_text user %R (at 0 0 90) (layer F.Fab)
      (effects (font (size 0.5 0.5) (thickness 0.08)))
    )
    (fp_line (start 1.85 0.95) (end -1.85 0.95) (layer F.CrtYd) (width 0.05))
    (fp_line (start 1.85 -0.95) (end 1.85 0.95) (layer F.CrtYd) (width 0.05))
    (fp_line (start -1.85 -0.95) (end 1.85 -0.95) (layer F.CrtYd) (width 0.05))
    (fp_line (start -1.85 0.95) (end -1.85 -0.95) (layer F.CrtYd) (width 0.05))
    (fp_line (start -0.261252 0.71) (end 0.261252 0.71) (layer F.SilkS) (width 0.12))
    (fp_line (start -0.261252 -0.71) (end 0.261252 -0.71) (layer F.SilkS) (width 0.12))
    (fp_line (start 1 0.6) (end -1 0.6) (layer F.Fab) (width 0.1))
    (fp_line (start 1 -0.6) (end 1 0.6) (layer F.Fab) (width 0.1))
    (fp_line (start -1 -0.6) (end 1 -0.6) (layer F.Fab) (width 0.1))
    (fp_line (start -1 0.6) (end -1 -0.6) (layer F.Fab) (width 0.1))
    (pad 2 smd roundrect (at 1.025 0 90) (size 1.15 1.4) (layers F.Cu F.Paste F.Mask) (roundrect_rratio 0.217391)
      (net 2 /+5))
    (pad 1 smd roundrect (at -1.025 0 90) (size 1.15 1.4) (layers F.Cu F.Paste F.Mask) (roundrect_rratio 0.217391)
      (net 1 GND))
    (model ${KISYS3DMOD}/Capacitor_SMD.3dshapes/C_0805_2012Metric.wrl
      (at (xyz 0 0 0))
      (scale (xyz 1 1 1))
      (rotate (xyz 0 0 0))
    )
  )

  (module Capacitor_SMD:C_0805_2012Metric_Pad1.15x1.40mm_HandSolder (layer F.Cu) (tedit 5B36C52B) (tstamp 62432F93)
    (at 128.25 52.7 90)
    (descr "Capacitor SMD 0805 (2012 Metric), square (rectangular) end terminal, IPC_7351 nominal with elongated pad for handsoldering. (Body size source: https://docs.google.com/spreadsheets/d/1BsfQQcO9C6DZCsRaXUlFlo91Tg2WpOkGARC1WS5S8t0/edit?usp=sharing), generated with kicad-footprint-generator")
    (tags "capacitor handsolder")
    (path /622DAFA8)
    (attr smd)
    (fp_text reference C5 (at -2.7 -0.05 180) (layer F.SilkS)
      (effects (font (size 1 1) (thickness 0.15)))
    )
    (fp_text value 0.1uF (at 0 1.65 90) (layer F.Fab)
      (effects (font (size 1 1) (thickness 0.15)))
    )
    (fp_line (start -1 0.6) (end -1 -0.6) (layer F.Fab) (width 0.1))
    (fp_line (start -1 -0.6) (end 1 -0.6) (layer F.Fab) (width 0.1))
    (fp_line (start 1 -0.6) (end 1 0.6) (layer F.Fab) (width 0.1))
    (fp_line (start 1 0.6) (end -1 0.6) (layer F.Fab) (width 0.1))
    (fp_line (start -0.261252 -0.71) (end 0.261252 -0.71) (layer F.SilkS) (width 0.12))
    (fp_line (start -0.261252 0.71) (end 0.261252 0.71) (layer F.SilkS) (width 0.12))
    (fp_line (start -1.85 0.95) (end -1.85 -0.95) (layer F.CrtYd) (width 0.05))
    (fp_line (start -1.85 -0.95) (end 1.85 -0.95) (layer F.CrtYd) (width 0.05))
    (fp_line (start 1.85 -0.95) (end 1.85 0.95) (layer F.CrtYd) (width 0.05))
    (fp_line (start 1.85 0.95) (end -1.85 0.95) (layer F.CrtYd) (width 0.05))
    (fp_text user %R (at 0 0 90) (layer F.Fab)
      (effects (font (size 0.5 0.5) (thickness 0.08)))
    )
    (pad 1 smd roundrect (at -1.025 0 90) (size 1.15 1.4) (layers F.Cu F.Paste F.Mask) (roundrect_rratio 0.217391)
      (net 1 GND))
    (pad 2 smd roundrect (at 1.025 0 90) (size 1.15 1.4) (layers F.Cu F.Paste F.Mask) (roundrect_rratio 0.217391)
      (net 2 /+5))
    (model ${KISYS3DMOD}/Capacitor_SMD.3dshapes/C_0805_2012Metric.wrl
      (at (xyz 0 0 0))
      (scale (xyz 1 1 1))
      (rotate (xyz 0 0 0))
    )
  )

  (module Capacitor_SMD:C_0805_2012Metric_Pad1.15x1.40mm_HandSolder (layer F.Cu) (tedit 5B36C52B) (tstamp 62432FA4)
    (at 138.2 52.75 90)
    (descr "Capacitor SMD 0805 (2012 Metric), square (rectangular) end terminal, IPC_7351 nominal with elongated pad for handsoldering. (Body size source: https://docs.google.com/spreadsheets/d/1BsfQQcO9C6DZCsRaXUlFlo91Tg2WpOkGARC1WS5S8t0/edit?usp=sharing), generated with kicad-footprint-generator")
    (tags "capacitor handsolder")
    (path /622DB3E7)
    (attr smd)
    (fp_text reference C6 (at -2.7 -0.05 180) (layer F.SilkS)
      (effects (font (size 1 1) (thickness 0.15)))
    )
    (fp_text value 0.1uF (at 0 1.65 90) (layer F.Fab)
      (effects (font (size 1 1) (thickness 0.15)))
    )
    (fp_text user %R (at 0 0 90) (layer F.Fab)
      (effects (font (size 0.5 0.5) (thickness 0.08)))
    )
    (fp_line (start 1.85 0.95) (end -1.85 0.95) (layer F.CrtYd) (width 0.05))
    (fp_line (start 1.85 -0.95) (end 1.85 0.95) (layer F.CrtYd) (width 0.05))
    (fp_line (start -1.85 -0.95) (end 1.85 -0.95) (layer F.CrtYd) (width 0.05))
    (fp_line (start -1.85 0.95) (end -1.85 -0.95) (layer F.CrtYd) (width 0.05))
    (fp_line (start -0.261252 0.71) (end 0.261252 0.71) (layer F.SilkS) (width 0.12))
    (fp_line (start -0.261252 -0.71) (end 0.261252 -0.71) (layer F.SilkS) (width 0.12))
    (fp_line (start 1 0.6) (end -1 0.6) (layer F.Fab) (width 0.1))
    (fp_line (start 1 -0.6) (end 1 0.6) (layer F.Fab) (width 0.1))
    (fp_line (start -1 -0.6) (end 1 -0.6) (layer F.Fab) (width 0.1))
    (fp_line (start -1 0.6) (end -1 -0.6) (layer F.Fab) (width 0.1))
    (pad 2 smd roundrect (at 1.025 0 90) (size 1.15 1.4) (layers F.Cu F.Paste F.Mask) (roundrect_rratio 0.217391)
      (net 2 /+5))
    (pad 1 smd roundrect (at -1.025 0 90) (size 1.15 1.4) (layers F.Cu F.Paste F.Mask) (roundrect_rratio 0.217391)
      (net 1 GND))
    (model ${KISYS3DMOD}/Capacitor_SMD.3dshapes/C_0805_2012Metric.wrl
      (at (xyz 0 0 0))
      (scale (xyz 1 1 1))
      (rotate (xyz 0 0 0))
    )
  )

  (module Capacitor_SMD:C_0805_2012Metric_Pad1.15x1.40mm_HandSolder (layer F.Cu) (tedit 5B36C52B) (tstamp 62432FB5)
    (at 148.2 52.75 90)
    (descr "Capacitor SMD 0805 (2012 Metric), square (rectangular) end terminal, IPC_7351 nominal with elongated pad for handsoldering. (Body size source: https://docs.google.com/spreadsheets/d/1BsfQQcO9C6DZCsRaXUlFlo91Tg2WpOkGARC1WS5S8t0/edit?usp=sharing), generated with kicad-footprint-generator")
    (tags "capacitor handsolder")
    (path /622DB9DB)
    (attr smd)
    (fp_text reference C7 (at -2.75 -0.1 180) (layer F.SilkS)
      (effects (font (size 1 1) (thickness 0.15)))
    )
    (fp_text value 0.1uF (at 0 1.65 90) (layer F.Fab)
      (effects (font (size 1 1) (thickness 0.15)))
    )
    (fp_line (start -1 0.6) (end -1 -0.6) (layer F.Fab) (width 0.1))
    (fp_line (start -1 -0.6) (end 1 -0.6) (layer F.Fab) (width 0.1))
    (fp_line (start 1 -0.6) (end 1 0.6) (layer F.Fab) (width 0.1))
    (fp_line (start 1 0.6) (end -1 0.6) (layer F.Fab) (width 0.1))
    (fp_line (start -0.261252 -0.71) (end 0.261252 -0.71) (layer F.SilkS) (width 0.12))
    (fp_line (start -0.261252 0.71) (end 0.261252 0.71) (layer F.SilkS) (width 0.12))
    (fp_line (start -1.85 0.95) (end -1.85 -0.95) (layer F.CrtYd) (width 0.05))
    (fp_line (start -1.85 -0.95) (end 1.85 -0.95) (layer F.CrtYd) (width 0.05))
    (fp_line (start 1.85 -0.95) (end 1.85 0.95) (layer F.CrtYd) (width 0.05))
    (fp_line (start 1.85 0.95) (end -1.85 0.95) (layer F.CrtYd) (width 0.05))
    (fp_text user %R (at 0 0 90) (layer F.Fab)
      (effects (font (size 0.5 0.5) (thickness 0.08)))
    )
    (pad 1 smd roundrect (at -1.025 0 90) (size 1.15 1.4) (layers F.Cu F.Paste F.Mask) (roundrect_rratio 0.217391)
      (net 1 GND))
    (pad 2 smd roundrect (at 1.025 0 90) (size 1.15 1.4) (layers F.Cu F.Paste F.Mask) (roundrect_rratio 0.217391)
      (net 2 /+5))
    (model ${KISYS3DMOD}/Capacitor_SMD.3dshapes/C_0805_2012Metric.wrl
      (at (xyz 0 0 0))
      (scale (xyz 1 1 1))
      (rotate (xyz 0 0 0))
    )
  )

  (module Capacitor_SMD:C_0805_2012Metric_Pad1.15x1.40mm_HandSolder (layer F.Cu) (tedit 5B36C52B) (tstamp 62432FC6)
    (at 158.15 52.75 90)
    (descr "Capacitor SMD 0805 (2012 Metric), square (rectangular) end terminal, IPC_7351 nominal with elongated pad for handsoldering. (Body size source: https://docs.google.com/spreadsheets/d/1BsfQQcO9C6DZCsRaXUlFlo91Tg2WpOkGARC1WS5S8t0/edit?usp=sharing), generated with kicad-footprint-generator")
    (tags "capacitor handsolder")
    (path /622DBE1A)
    (attr smd)
    (fp_text reference C8 (at -2.7 0 180) (layer F.SilkS)
      (effects (font (size 1 1) (thickness 0.15)))
    )
    (fp_text value 0.1uF (at 0 1.65 90) (layer F.Fab)
      (effects (font (size 1 1) (thickness 0.15)))
    )
    (fp_text user %R (at 0 0 90) (layer F.Fab)
      (effects (font (size 0.5 0.5) (thickness 0.08)))
    )
    (fp_line (start 1.85 0.95) (end -1.85 0.95) (layer F.CrtYd) (width 0.05))
    (fp_line (start 1.85 -0.95) (end 1.85 0.95) (layer F.CrtYd) (width 0.05))
    (fp_line (start -1.85 -0.95) (end 1.85 -0.95) (layer F.CrtYd) (width 0.05))
    (fp_line (start -1.85 0.95) (end -1.85 -0.95) (layer F.CrtYd) (width 0.05))
    (fp_line (start -0.261252 0.71) (end 0.261252 0.71) (layer F.SilkS) (width 0.12))
    (fp_line (start -0.261252 -0.71) (end 0.261252 -0.71) (layer F.SilkS) (width 0.12))
    (fp_line (start 1 0.6) (end -1 0.6) (layer F.Fab) (width 0.1))
    (fp_line (start 1 -0.6) (end 1 0.6) (layer F.Fab) (width 0.1))
    (fp_line (start -1 -0.6) (end 1 -0.6) (layer F.Fab) (width 0.1))
    (fp_line (start -1 0.6) (end -1 -0.6) (layer F.Fab) (width 0.1))
    (pad 2 smd roundrect (at 1.025 0 90) (size 1.15 1.4) (layers F.Cu F.Paste F.Mask) (roundrect_rratio 0.217391)
      (net 2 /+5))
    (pad 1 smd roundrect (at -1.025 0 90) (size 1.15 1.4) (layers F.Cu F.Paste F.Mask) (roundrect_rratio 0.217391)
      (net 1 GND))
    (model ${KISYS3DMOD}/Capacitor_SMD.3dshapes/C_0805_2012Metric.wrl
      (at (xyz 0 0 0))
      (scale (xyz 1 1 1))
      (rotate (xyz 0 0 0))
    )
  )

  (module Capacitor_SMD:C_0805_2012Metric_Pad1.15x1.40mm_HandSolder (layer F.Cu) (tedit 5B36C52B) (tstamp 62432FD7)
    (at 168.3 52.65 90)
    (descr "Capacitor SMD 0805 (2012 Metric), square (rectangular) end terminal, IPC_7351 nominal with elongated pad for handsoldering. (Body size source: https://docs.google.com/spreadsheets/d/1BsfQQcO9C6DZCsRaXUlFlo91Tg2WpOkGARC1WS5S8t0/edit?usp=sharing), generated with kicad-footprint-generator")
    (tags "capacitor handsolder")
    (path /622DC384)
    (attr smd)
    (fp_text reference C9 (at -2.8 -0.05 180) (layer F.SilkS)
      (effects (font (size 1 1) (thickness 0.15)))
    )
    (fp_text value 0.1uF (at 0 1.65 90) (layer F.Fab)
      (effects (font (size 1 1) (thickness 0.15)))
    )
    (fp_line (start -1 0.6) (end -1 -0.6) (layer F.Fab) (width 0.1))
    (fp_line (start -1 -0.6) (end 1 -0.6) (layer F.Fab) (width 0.1))
    (fp_line (start 1 -0.6) (end 1 0.6) (layer F.Fab) (width 0.1))
    (fp_line (start 1 0.6) (end -1 0.6) (layer F.Fab) (width 0.1))
    (fp_line (start -0.261252 -0.71) (end 0.261252 -0.71) (layer F.SilkS) (width 0.12))
    (fp_line (start -0.261252 0.71) (end 0.261252 0.71) (layer F.SilkS) (width 0.12))
    (fp_line (start -1.85 0.95) (end -1.85 -0.95) (layer F.CrtYd) (width 0.05))
    (fp_line (start -1.85 -0.95) (end 1.85 -0.95) (layer F.CrtYd) (width 0.05))
    (fp_line (start 1.85 -0.95) (end 1.85 0.95) (layer F.CrtYd) (width 0.05))
    (fp_line (start 1.85 0.95) (end -1.85 0.95) (layer F.CrtYd) (width 0.05))
    (fp_text user %R (at 0 0 90) (layer F.Fab)
      (effects (font (size 0.5 0.5) (thickness 0.08)))
    )
    (pad 1 smd roundrect (at -1.025 0 90) (size 1.15 1.4) (layers F.Cu F.Paste F.Mask) (roundrect_rratio 0.217391)
      (net 1 GND))
    (pad 2 smd roundrect (at 1.025 0 90) (size 1.15 1.4) (layers F.Cu F.Paste F.Mask) (roundrect_rratio 0.217391)
      (net 2 /+5))
    (model ${KISYS3DMOD}/Capacitor_SMD.3dshapes/C_0805_2012Metric.wrl
      (at (xyz 0 0 0))
      (scale (xyz 1 1 1))
      (rotate (xyz 0 0 0))
    )
  )

  (module Capacitor_SMD:C_0805_2012Metric_Pad1.15x1.40mm_HandSolder (layer F.Cu) (tedit 5B36C52B) (tstamp 62432FE8)
    (at 178.2 52.6 90)
    (descr "Capacitor SMD 0805 (2012 Metric), square (rectangular) end terminal, IPC_7351 nominal with elongated pad for handsoldering. (Body size source: https://docs.google.com/spreadsheets/d/1BsfQQcO9C6DZCsRaXUlFlo91Tg2WpOkGARC1WS5S8t0/edit?usp=sharing), generated with kicad-footprint-generator")
    (tags "capacitor handsolder")
    (path /622DC81F)
    (attr smd)
    (fp_text reference C10 (at -2.85 0.3 180) (layer F.SilkS)
      (effects (font (size 1 1) (thickness 0.15)))
    )
    (fp_text value 0.1uF (at 0 1.65 90) (layer F.Fab)
